5536
5389
1962
5399
3649
9823
7996
6501
4377
2618
4565
8537
2685
3638
8387
8961
62
1018
3596
1409
2890
1261
6456
4175
6821
1763
864
6628
6936
7555
3895
9256
9600
5043
2701
669
9398
260
2315
8734
6670
3339
2878
7978
1446
7911
8417
3689
9097
1926
4607
4229
5078
9801
9387
1089
3851
4096
2413
7593
5281
5093
2966
6099
699
2668
164
1627
2818
9565
2248
1608
3733
3283
1601
9560
9213
3285
6685
4045
2614
682
1316
4270
7079
552
9297
1092
6502
7506
5590
525
9785
2861
6415
821
491
2143
2456
489
1997
8382
985
9105
5935
7777
9324
2145
2130
637
3332
6602
3205
4954
6547
986
6630
2938
4334
6544
3274
5109
7086
902
95
4979
5485
5704
3464
7179
934
6190
9226
2335
4492
5592
9735
1016
9497
7421
3427
7393
8025
765
1950
1139
6757
6056
4067
5622
7308
1981
49
3392
4591
9832
4272
2138
74
4771
220
2374
1192
3992
5170
6248
1783
3514
2379
3656
997
8803
1416
3836
2382
7684
7795
3765
340
8249
7839
6127
635
5062
1377
3180
2709
3714
6982
3932
9973
1138
7900
1171
6405
7685
7512
5687
8969
7493
8852
3865
4712
9878
3100
8337
5969
7620
871
5650
342
5197
8368
3426
6765
5812
1361
4285
60
9698
4365
2682
407
5603
6818
6490
4742
4835
7090
8124
428
5175
9076
1362
5004
6304
8269
7718
2135
3349
681
894
3811
8792
4738
7989
3543
5496
3799
1952
118
1515
3815
6409
4651
8840
7038
1561
5436
3490
5937
6570
1698
4757
6546
5375
6280
8939
1639
9377
3763
7536
3837
6979
9331
856
6641
935
1829
2118
764
8666
6021
5943
5606
4620
4553
2333
7183
9030
4052
8384
1872
564
3737
6298
1917
3214
679
4941
7811
7670
9683
6541
3378
4756
9430
5941
1252
6130
644
1115
5154
583
5077
4472
4447
4401
8230
4856
781
1093
5473
7544
8794
4222
1710
9146
6579
43
2277
4796
4024
4885
6156
1194
8946
8052
455
8076
5387
9864
6075
1887
780
7474
5362
1015
4512
5438
7381
2072
1009
2030
6561
6942
5417
7046
6452
1754
3148
7785
472
975
9458
4392
7119
8328
931
6911
8625
7029
3854
1889
5844
4550
4886
9588
1424
6838
8548
3443
8623
2741
9813
4681
270
4335
365
3438
1255
2275
7696
3404
7884
6437
6741
5428
9947
6269
9925
2981
2865
8538
5762
859
8182
4844
5857
9649
6663
600
3618
7321
8112
9099
5974
1937
8319
5691
5533
4967
4039
1291
404
2268
7328
5210
3187
8575
9715
1477
2557
2744
2562
3781
4782
5035
1066
6987
5785
1266
3635
3817
7874
6879
142
3789
2356
131
8306
1099
9926
2739
9918
933
9023
9084
5107
4294
1946
6678
5374
2555
6356
1438
771
7552
2338
3169
5964
5821
7284
5903
8118
8774
9486
5547
3888
9984
7484
7482
3241
4173
2588
9209
4715
1472
6995
9017
6677
3289
7747
8357
3147
3775
4046
3300
4458
5741
